32 13.890809 110
13 11.955771 011
10 11.955771 010
97 6.081548 1001
105 4.422944 11111
111 3.248100 10110
116 3.040774 10001
110 2.833449 00111
101 2.418798 00100
114 2.349689 00001
115 2.142364 111100
107 1.796821 111000
49 1.658604 101110
108 1.589496 101010
106 1.589496 101001
48 1.589496 101000
117 1.589496 101011
118 1.382170 001100
45 1.313062 001011
109 1.174845 000110
73 1.174845 000100
103 1.174845 000101
46 1.174845 000001
44 1.105736 1111010
70 1.036628 1110110
98 0.967519 1110100
122 0.898411 1110010
65 0.829302 1000011
71 0.829302 1011110
51 0.691085 0011010
112 0.691085 0011011
69 0.621977 0001111
75 0.621977 0010100
68 0.552868 11110111
55 0.552868 11110110
50 0.552868 11101111
84 0.483760 11101011
100 0.483760 11101110
83 0.483760 11101010
66 0.414651 10000101
67 0.414651 10111110
82 0.414651 10111111
72 0.345543 10000000
102 0.345543 10000011
80 0.345543 10000010
104 0.345543 10000100
52 0.345543 00101011
74 0.345543 10000001
99 0.276434 00000011
53 0.276434 111001111
85 0.276434 00000010
76 0.276434 00000000
79 0.276434 00000001
58 0.207326 111001101
63 0.207326 111001110
54 0.207326 111001100
77 0.138217 000111011
78 0.138217 001010100
57 0.138217 000111010
41 0.138217 000111001
12 0.138217 000111000
86 0.069109 00101010111
90 0.069109 0010101010
18 0.000000 0010101011010001101
64 0.000000 0010101011010101011
19 0.000000 0010101011010001110
20 0.000000 0010101011010001111
21 0.000000 0010101011010010000
22 0.000000 0010101011010010001
23 0.000000 0010101011010010010
24 0.000000 0010101011010010011
25 0.000000 0010101011010010100
26 0.000000 0010101011010010101
27 0.000000 0010101011010010110
28 0.000000 0010101011010010111
29 0.000000 0010101011010011000
30 0.000000 0010101011010011001
31 0.000000 0010101011010011010
3 0.000000 0010101011010000001
33 0.000000 0010101011010011011
34 0.000000 0010101011010011100
81 0.000000 0010101011010101100
35 0.000000 0010101011010011101
36 0.000000 0010101011010011110
37 0.000000 0010101011010011111
38 0.000000 0010101011010100000
39 0.000000 0010101011010100001
87 0.000000 0010101011010101101
88 0.000000 0010101011010101110
89 0.000000 0010101011010101111
40 0.000000 0010101011010100010
91 0.000000 0010101011010110000
92 0.000000 0010101011010110001
93 0.000000 0010101011010110010
94 0.000000 0010101011010110011
95 0.000000 0010101011010110100
96 0.000000 0010101011010110101
4 0.000000 0010101011010000010
42 0.000000 0010101011010100011
43 0.000000 0010101011010100100
5 0.000000 0010101011010000011
6 0.000000 0010101011010000100
7 0.000000 0010101011010000101
47 0.000000 0010101011010100101
8 0.000000 0010101011010000110
9 0.000000 0010101011010000111
0 0.000000 0010101011001111110
11 0.000000 0010101011010001000
1 0.000000 0010101011001111111
2 0.000000 0010101011010000000
14 0.000000 0010101011010001001
15 0.000000 0010101011010001010
56 0.000000 0010101011010100110
113 0.000000 0010101011010110110
16 0.000000 0010101011010001011
17 0.000000 0010101011010001100
59 0.000000 0010101011010100111
60 0.000000 0010101011010101000
61 0.000000 0010101011010101001
119 0.000000 0010101011010110111
120 0.000000 0010101011010111000
121 0.000000 0010101011010111001
62 0.000000 0010101011010101010
123 0.000000 0010101011010111010
124 0.000000 0010101011010111011
125 0.000000 0010101011010111100
126 0.000000 0010101011010111101
127 0.000000 0010101011010111110
128 0.000000 0010101011010111111
129 0.000000 0010101011011000000
130 0.000000 0010101011011000001
131 0.000000 0010101011011000010
132 0.000000 0010101011011000011
133 0.000000 0010101011011000100
134 0.000000 0010101011011000101
135 0.000000 0010101011011000110
136 0.000000 0010101011011000111
137 0.000000 0010101011011001000
138 0.000000 0010101011011001001
139 0.000000 0010101011011001010
140 0.000000 0010101011011001011
141 0.000000 0010101011011001100
142 0.000000 0010101011011001101
143 0.000000 0010101011011001110
144 0.000000 0010101011011001111
145 0.000000 0010101011011010000
146 0.000000 0010101011011010001
147 0.000000 0010101011011010010
148 0.000000 0010101011011010011
149 0.000000 0010101011011010100
150 0.000000 0010101011011010101
151 0.000000 0010101011011010110
152 0.000000 0010101011011010111
153 0.000000 0010101011011011000
154 0.000000 0010101011011011001
155 0.000000 0010101011011011010
156 0.000000 0010101011011011011
157 0.000000 0010101011011011100
158 0.000000 0010101011011011101
159 0.000000 0010101011011011110
160 0.000000 0010101011011011111
161 0.000000 0010101011011100000
162 0.000000 0010101011011100001
163 0.000000 0010101011011100010
164 0.000000 0010101011011100011
165 0.000000 0010101011011100100
166 0.000000 0010101011011100101
167 0.000000 0010101011011100110
168 0.000000 0010101011011100111
169 0.000000 0010101011011101000
170 0.000000 0010101011011101001
171 0.000000 0010101011011101010
172 0.000000 0010101011011101011
173 0.000000 0010101011011101100
174 0.000000 0010101011011101101
175 0.000000 0010101011011101110
176 0.000000 0010101011011101111
177 0.000000 0010101011011110000
178 0.000000 0010101011011110001
179 0.000000 0010101011011110010
180 0.000000 0010101011011110011
181 0.000000 0010101011011110100
182 0.000000 0010101011011110101
183 0.000000 0010101011011110110
184 0.000000 0010101011011110111
185 0.000000 0010101011011111000
186 0.000000 0010101011011111001
187 0.000000 0010101011011111010
188 0.000000 0010101011011111011
189 0.000000 0010101011011111100
190 0.000000 0010101011011111101
191 0.000000 0010101011011111110
192 0.000000 0010101011011111111
193 0.000000 001010101100000000
194 0.000000 001010101100000001
195 0.000000 001010101100000010
196 0.000000 001010101100000011
197 0.000000 001010101100000100
198 0.000000 001010101100000101
199 0.000000 001010101100000110
200 0.000000 001010101100000111
201 0.000000 001010101100001000
202 0.000000 001010101100001001
203 0.000000 001010101100001010
204 0.000000 001010101100001011
205 0.000000 001010101100001100
206 0.000000 001010101100001101
207 0.000000 001010101100001110
208 0.000000 001010101100001111
209 0.000000 001010101100010000
210 0.000000 001010101100010001
211 0.000000 001010101100010010
212 0.000000 001010101100010011
213 0.000000 001010101100010100
214 0.000000 001010101100010101
215 0.000000 001010101100010110
216 0.000000 001010101100010111
217 0.000000 001010101100011000
218 0.000000 001010101100011001
219 0.000000 001010101100011010
220 0.000000 001010101100011011
221 0.000000 001010101100011100
222 0.000000 001010101100011101
223 0.000000 001010101100011110
224 0.000000 001010101100011111
225 0.000000 001010101100100000
226 0.000000 001010101100100001
227 0.000000 001010101100100010
228 0.000000 001010101100100011
229 0.000000 001010101100100100
230 0.000000 001010101100100101
231 0.000000 001010101100100110
232 0.000000 001010101100100111
233 0.000000 001010101100101000
234 0.000000 001010101100101001
235 0.000000 001010101100101010
236 0.000000 001010101100101011
237 0.000000 001010101100101100
238 0.000000 001010101100101101
239 0.000000 001010101100101110
240 0.000000 001010101100101111
241 0.000000 001010101100110000
242 0.000000 001010101100110001
243 0.000000 001010101100110010
244 0.000000 001010101100110011
245 0.000000 001010101100110100
246 0.000000 001010101100110101
247 0.000000 001010101100110110
248 0.000000 001010101100110111
249 0.000000 001010101100111000
250 0.000000 001010101100111001
251 0.000000 001010101100111010
252 0.000000 001010101100111011
253 0.000000 001010101100111100
254 0.000000 001010101100111101
255 0.000000 001010101100111110
