0 0.817669 101011
32 0.583729 1111111
36 0.519776 1111101
73 0.508073 1111100
107 0.506064 1111011
109 0.491524 1111010
90 0.489514 1111001
105 0.481949 1111000
106 0.472019 1110111
86 0.467054 1110110
72 0.466817 1110101
53 0.464217 1110100
44 0.454642 1110011
123 0.453578 1110010
35 0.453223 1110001
85 0.446485 1110000
113 0.444357 1101111
82 0.442702 1101110
99 0.439865 1101101
117 0.439747 1101100
28 0.439511 1101011
26 0.437501 1101010
110 0.437265 1101001
61 0.433245 1101000
45 0.431827 1100111
91 0.431472 1100110
88 0.430172 1100101
43 0.429935 1100100
77 0.427571 1100011
60 0.426980 1100010
70 0.425089 1100001
87 0.424025 1100000
52 0.423434 1011111
42 0.421070 1011110
114 0.419296 1011101
71 0.418587 1011100
21 0.415159 1011011
89 0.414923 1011010
118 0.413740 1011001
75 0.411376 1011000
79 0.411140 1010101
24 0.406411 1010100
74 0.404520 1010011
101 0.401565 1010010
120 0.401210 1010001
29 0.400501 1010000
84 0.400146 1001111
30 0.398255 1001110
25 0.397664 1001101
69 0.397427 1001100
93 0.397191 1001011
125 0.395772 1001010
58 0.395654 1001001
83 0.391753 1001000
122 0.390335 1000111
103 0.388916 1000110
102 0.388680 1000101
111 0.388325 1000100
20 0.387734 1000011
65 0.386670 1000010
49 0.386315 1000000
98 0.386315 1000001
80 0.385370 0111111
12 0.384660 0111110
56 0.384542 0111101
81 0.383715 0111100
92 0.382060 0111011
100 0.379223 0111010
115 0.378986 0111001
94 0.378868 0111000
50 0.378513 0110111
62 0.376858 0110110
57 0.375913 0110101
127 0.374258 0110100
18 0.373549 0110010
121 0.373549 0110011
10 0.372485 0110001
59 0.372366 0110000
63 0.371302 0101111
37 0.369411 0101110
31 0.366574 0101101
54 0.365865 0101100
119 0.362555 0101011
41 0.362200 0101010
78 0.361136 0101001
64 0.359954 0101000
3 0.358181 0100111
7 0.357826 0100110
22 0.355108 0100101
13 0.354398 0100100
104 0.354044 0100011
97 0.353571 0100010
67 0.352625 0100001
34 0.351679 0100000
95 0.349670 0011111
108 0.349433 0011110
112 0.347542 0011101
4 0.343168 0011100
126 0.341513 0011011
46 0.340686 0011010
27 0.339267 0011001
17 0.339149 0011000
1 0.338085 0010111
15 0.336430 0010110
51 0.336194 0010101
40 0.334775 0010100
116 0.334657 0010011
33 0.332529 0010010
39 0.332293 0010001
66 0.328392 0010000
5 0.327682 0001111
8 0.323781 0001110
6 0.320590 0001101
14 0.317516 0001100
48 0.314561 0001011
9 0.311724 0001010
124 0.306877 0001001
96 0.305695 0001000
16 0.305104 0000111
2 0.302976 0000110
38 0.301203 0000101
11 0.296947 0000100
55 0.296356 0000011
76 0.294701 0000010
19 0.294465 0000001
68 0.290446 0000000
47 0.284890 11111101
23 0.267158 111111001
128 0.000000 1111110000000000
129 0.000000 1111110000000001
130 0.000000 1111110000000010
131 0.000000 1111110000000011
132 0.000000 1111110000000100
133 0.000000 1111110000000101
134 0.000000 1111110000000110
135 0.000000 1111110000000111
136 0.000000 1111110000001000
137 0.000000 1111110000001001
138 0.000000 1111110000001010
139 0.000000 1111110000001011
140 0.000000 1111110000001100
141 0.000000 1111110000001101
142 0.000000 1111110000001110
143 0.000000 1111110000001111
144 0.000000 1111110000010000
145 0.000000 1111110000010001
146 0.000000 1111110000010010
147 0.000000 1111110000010011
148 0.000000 1111110000010100
149 0.000000 1111110000010101
150 0.000000 1111110000010110
151 0.000000 1111110000010111
152 0.000000 1111110000011000
153 0.000000 1111110000011001
154 0.000000 1111110000011010
155 0.000000 1111110000011011
156 0.000000 1111110000011100
157 0.000000 1111110000011101
158 0.000000 1111110000011110
159 0.000000 1111110000011111
160 0.000000 1111110000100000
161 0.000000 1111110000100001
162 0.000000 1111110000100010
163 0.000000 1111110000100011
164 0.000000 1111110000100100
165 0.000000 1111110000100101
166 0.000000 1111110000100110
167 0.000000 1111110000100111
168 0.000000 1111110000101000
169 0.000000 1111110000101001
170 0.000000 1111110000101010
171 0.000000 1111110000101011
172 0.000000 1111110000101100
173 0.000000 1111110000101101
174 0.000000 1111110000101110
175 0.000000 1111110000101111
176 0.000000 1111110000110000
177 0.000000 1111110000110001
178 0.000000 1111110000110010
179 0.000000 1111110000110011
180 0.000000 1111110000110100
181 0.000000 1111110000110101
182 0.000000 1111110000110110
183 0.000000 1111110000110111
184 0.000000 1111110000111000
185 0.000000 1111110000111001
186 0.000000 1111110000111010
187 0.000000 1111110000111011
188 0.000000 1111110000111100
189 0.000000 1111110000111101
190 0.000000 1111110000111110
191 0.000000 1111110000111111
192 0.000000 1111110001000000
193 0.000000 1111110001000001
194 0.000000 1111110001000010
195 0.000000 1111110001000011
196 0.000000 1111110001000100
197 0.000000 1111110001000101
198 0.000000 1111110001000110
199 0.000000 1111110001000111
200 0.000000 1111110001001000
201 0.000000 1111110001001001
202 0.000000 1111110001001010
203 0.000000 1111110001001011
204 0.000000 1111110001001100
205 0.000000 1111110001001101
206 0.000000 1111110001001110
207 0.000000 1111110001001111
208 0.000000 1111110001010000
209 0.000000 1111110001010001
210 0.000000 1111110001010010
211 0.000000 1111110001010011
212 0.000000 1111110001010100
213 0.000000 1111110001010101
214 0.000000 1111110001010110
215 0.000000 1111110001010111
216 0.000000 1111110001011000
217 0.000000 1111110001011001
218 0.000000 1111110001011010
219 0.000000 1111110001011011
220 0.000000 1111110001011100
221 0.000000 1111110001011101
222 0.000000 1111110001011110
223 0.000000 1111110001011111
224 0.000000 1111110001100000
225 0.000000 1111110001100001
226 0.000000 1111110001100010
227 0.000000 1111110001100011
228 0.000000 1111110001100100
229 0.000000 1111110001100101
230 0.000000 1111110001100110
231 0.000000 1111110001100111
232 0.000000 1111110001101000
233 0.000000 1111110001101001
234 0.000000 1111110001101010
235 0.000000 1111110001101011
236 0.000000 1111110001101100
237 0.000000 1111110001101101
238 0.000000 1111110001101110
239 0.000000 1111110001101111
240 0.000000 1111110001110000
241 0.000000 1111110001110001
242 0.000000 1111110001110010
243 0.000000 1111110001110011
244 0.000000 1111110001110100
245 0.000000 1111110001110101
246 0.000000 1111110001110110
247 0.000000 1111110001110111
248 0.000000 1111110001111000
249 0.000000 1111110001111001
250 0.000000 1111110001111010
251 0.000000 1111110001111011
252 0.000000 1111110001111100
253 0.000000 1111110001111101
254 0.000000 1111110001111110
255 0.000000 1111110001111111
