0 0.855166 101110
85 0.643293 000011
4 0.582461 1111110
12 0.498232 1111100
44 0.476961 1111011
82 0.471731 1111010
16 0.471716 1111001
97 0.471364 1111000
76 0.469330 1110111
50 0.463366 1110110
48 0.462953 1110101
18 0.460461 1110100
102 0.457922 1110011
101 0.453075 1110010
34 0.452463 1110001
32 0.448548 1110000
74 0.447891 1101111
68 0.447570 1101110
42 0.445306 1101101
80 0.445123 1101100
49 0.445062 1101011
72 0.444909 1101010
8 0.442584 1101001
24 0.442569 1101000
66 0.441866 1100111
36 0.441376 1100110
40 0.440596 1100101
81 0.439235 1100100
98 0.438838 1100011
84 0.438425 1100010
105 0.434067 1100001
100 0.432216 1100000
20 0.431467 1011111
69 0.425778 1011110
73 0.424922 1011011
106 0.423974 1011010
90 0.422307 1011001
33 0.422047 1011000
51 0.421894 1010111
52 0.421649 1010110
41 0.421573 1010101
17 0.421160 1010100
88 0.419661 1010011
64 0.418041 1010010
26 0.416527 1010001
89 0.415257 1010000
70 0.412627 1001111
108 0.411771 1001110
38 0.410960 1001101
25 0.410624 1001100
86 0.410226 1001011
77 0.409385 1001010
10 0.407520 1001001
2 0.407321 1001000
14 0.406740 1000111
67 0.406296 1000110
35 0.405837 1000101
53 0.404981 1000100
9 0.404950 1000011
104 0.404247 1000010
114 0.403880 1000001
37 0.403788 1000000
99 0.403268 0111111
65 0.403222 0111110
109 0.399399 0111101
96 0.398405 0111100
83 0.397366 0111011
1 0.397090 0111010
75 0.395378 0111001
45 0.393405 0111000
28 0.392717 0110111
21 0.392013 0110110
22 0.391845 0110101
60 0.387701 0110100
6 0.387426 0110011
107 0.387334 0110010
19 0.384918 0110001
46 0.382762 0110000
13 0.380712 0101111
43 0.379917 0101110
57 0.377394 0101101
56 0.376706 0101100
58 0.376155 0101011
110 0.374978 0101010
27 0.374856 0101001
11 0.374519 0101000
92 0.373357 0100111
78 0.373265 0100110
54 0.372072 0100101
113 0.371858 0100100
103 0.370880 0100011
91 0.370375 0100010
115 0.368678 0100001
116 0.368479 0100000
118 0.367638 0011111
29 0.366965 0011110
5 0.365160 0011101
117 0.365038 0011100
93 0.363341 0011011
71 0.360940 0011010
94 0.358860 0011001
121 0.356689 0011000
3 0.354318 0010111
61 0.352483 0010110
112 0.350633 0010101
119 0.346091 0010100
122 0.342559 0010011
30 0.340632 0010010
59 0.340112 0010001
15 0.339806 0010000
87 0.339561 0001111
120 0.335035 0001110
39 0.330356 0001101
79 0.327419 0001100
47 0.327221 0001011
55 0.325982 0001010
23 0.324927 0001001
62 0.320798 0001000
125 0.319085 0000101
7 0.312877 0000100
111 0.312831 0000011
123 0.310644 0000010
124 0.307754 0000001
95 0.301071 0000000
127 0.298823 11111111
126 0.294190 11111110
31 0.293257 11111011
63 0.284540 111110101
128 0.000000 1111101000000000
129 0.000000 1111101000000001
130 0.000000 1111101000000010
131 0.000000 1111101000000011
132 0.000000 1111101000000100
133 0.000000 1111101000000101
134 0.000000 1111101000000110
135 0.000000 1111101000000111
136 0.000000 1111101000001000
137 0.000000 1111101000001001
138 0.000000 1111101000001010
139 0.000000 1111101000001011
140 0.000000 1111101000001100
141 0.000000 1111101000001101
142 0.000000 1111101000001110
143 0.000000 1111101000001111
144 0.000000 1111101000010000
145 0.000000 1111101000010001
146 0.000000 1111101000010010
147 0.000000 1111101000010011
148 0.000000 1111101000010100
149 0.000000 1111101000010101
150 0.000000 1111101000010110
151 0.000000 1111101000010111
152 0.000000 1111101000011000
153 0.000000 1111101000011001
154 0.000000 1111101000011010
155 0.000000 1111101000011011
156 0.000000 1111101000011100
157 0.000000 1111101000011101
158 0.000000 1111101000011110
159 0.000000 1111101000011111
160 0.000000 1111101000100000
161 0.000000 1111101000100001
162 0.000000 1111101000100010
163 0.000000 1111101000100011
164 0.000000 1111101000100100
165 0.000000 1111101000100101
166 0.000000 1111101000100110
167 0.000000 1111101000100111
168 0.000000 1111101000101000
169 0.000000 1111101000101001
170 0.000000 1111101000101010
171 0.000000 1111101000101011
172 0.000000 1111101000101100
173 0.000000 1111101000101101
174 0.000000 1111101000101110
175 0.000000 1111101000101111
176 0.000000 1111101000110000
177 0.000000 1111101000110001
178 0.000000 1111101000110010
179 0.000000 1111101000110011
180 0.000000 1111101000110100
181 0.000000 1111101000110101
182 0.000000 1111101000110110
183 0.000000 1111101000110111
184 0.000000 1111101000111000
185 0.000000 1111101000111001
186 0.000000 1111101000111010
187 0.000000 1111101000111011
188 0.000000 1111101000111100
189 0.000000 1111101000111101
190 0.000000 1111101000111110
191 0.000000 1111101000111111
192 0.000000 1111101001000000
193 0.000000 1111101001000001
194 0.000000 1111101001000010
195 0.000000 1111101001000011
196 0.000000 1111101001000100
197 0.000000 1111101001000101
198 0.000000 1111101001000110
199 0.000000 1111101001000111
200 0.000000 1111101001001000
201 0.000000 1111101001001001
202 0.000000 1111101001001010
203 0.000000 1111101001001011
204 0.000000 1111101001001100
205 0.000000 1111101001001101
206 0.000000 1111101001001110
207 0.000000 1111101001001111
208 0.000000 1111101001010000
209 0.000000 1111101001010001
210 0.000000 1111101001010010
211 0.000000 1111101001010011
212 0.000000 1111101001010100
213 0.000000 1111101001010101
214 0.000000 1111101001010110
215 0.000000 1111101001010111
216 0.000000 1111101001011000
217 0.000000 1111101001011001
218 0.000000 1111101001011010
219 0.000000 1111101001011011
220 0.000000 1111101001011100
221 0.000000 1111101001011101
222 0.000000 1111101001011110
223 0.000000 1111101001011111
224 0.000000 1111101001100000
225 0.000000 1111101001100001
226 0.000000 1111101001100010
227 0.000000 1111101001100011
228 0.000000 1111101001100100
229 0.000000 1111101001100101
230 0.000000 1111101001100110
231 0.000000 1111101001100111
232 0.000000 1111101001101000
233 0.000000 1111101001101001
234 0.000000 1111101001101010
235 0.000000 1111101001101011
236 0.000000 1111101001101100
237 0.000000 1111101001101101
238 0.000000 1111101001101110
239 0.000000 1111101001101111
240 0.000000 1111101001110000
241 0.000000 1111101001110001
242 0.000000 1111101001110010
243 0.000000 1111101001110011
244 0.000000 1111101001110100
245 0.000000 1111101001110101
246 0.000000 1111101001110110
247 0.000000 1111101001110111
248 0.000000 1111101001111000
249 0.000000 1111101001111001
250 0.000000 1111101001111010
251 0.000000 1111101001111011
252 0.000000 1111101001111100
253 0.000000 1111101001111101
254 0.000000 1111101001111110
255 0.000000 1111101001111111
