85 1.030632 111101
0 0.987630 111100
4 0.559529 1111101
97 0.488740 1111100
82 0.481946 1110111
76 0.470353 1110110
12 0.461237 1110101
16 0.460020 1110100
74 0.457019 1110011
101 0.455108 1110010
102 0.454669 1110001
100 0.454542 1110000
50 0.454443 1101111
44 0.452900 1101110
18 0.452617 1101101
72 0.447861 1101100
36 0.447649 1101011
48 0.446983 1101010
34 0.445072 1101001
68 0.442482 1101000
42 0.441633 1100111
81 0.440104 1100110
84 0.437457 1100101
108 0.436296 1100100
32 0.435206 1100011
98 0.433876 1100010
51 0.433833 1100001
40 0.433791 1100000
66 0.432559 1011111
49 0.431639 1011110
41 0.430833 1011101
80 0.430365 1011100
105 0.429375 1011011
90 0.428171 1011010
24 0.427535 1011001
14 0.426926 1011000
73 0.426261 1010111
17 0.425355 1010110
106 0.425086 1010101
86 0.424081 1010100
26 0.421674 1010011
25 0.421151 1010010
20 0.420839 1010001
89 0.420584 1010000
35 0.419579 1001111
52 0.418574 1001110
88 0.418504 1001101
33 0.417810 1001100
8 0.417357 1001011
114 0.417244 1001010
70 0.415616 1001001
10 0.414639 1001000
69 0.413365 1000111
38 0.412304 1000110
37 0.412247 1000101
9 0.411879 1000100
53 0.409841 1000011
83 0.404873 1000010
77 0.402778 1000001
75 0.397328 1000000
19 0.396804 0111111
99 0.395346 0111110
67 0.394341 0111101
65 0.393492 0111100
109 0.392671 0111011
107 0.392232 0111010
28 0.391680 0111001
104 0.391043 0111000
64 0.390859 0110111
45 0.390293 0110110
92 0.389571 0110101
78 0.388977 0110100
2 0.388807 0110011
22 0.388325 0110010
21 0.385820 0110001
57 0.385042 0110000
46 0.382579 0101111
43 0.381262 0101110
96 0.381078 0101101
113 0.380753 0101100
56 0.380413 0101011
103 0.379733 0101010
27 0.379167 0101001
118 0.378842 0101000
54 0.377823 0100111
60 0.377256 0100110
58 0.375105 0100101
91 0.374397 0100100
29 0.371906 0100011
116 0.371863 0100010
1 0.371467 0100001
71 0.370391 0100000
115 0.370051 0011111
110 0.368721 0011110
117 0.368608 0011101
6 0.368452 0011100
13 0.367079 0011011
93 0.365805 0011010
11 0.365734 0011001
121 0.363880 0011000
61 0.362139 0010111
5 0.361077 0010110
94 0.360879 0010101
122 0.349626 0010100
15 0.348593 0010011
30 0.346200 0010010
112 0.345903 0010001
39 0.344813 0010000
59 0.344304 0001111
87 0.340057 0001110
79 0.336660 0001101
120 0.333801 0001100
119 0.331508 0001011
47 0.330446 0001010
55 0.328337 0001001
3 0.327091 0001000
23 0.324161 0000111
125 0.320269 0000110
62 0.318485 0000101
111 0.311705 0000100
123 0.306524 0000011
124 0.306411 0000010
95 0.306085 0000001
7 0.299305 0000000
126 0.296786 11111111
127 0.294493 11111110
63 0.290713 11111101
31 0.289581 111111001
128 0.000000 1111110000000000
129 0.000000 1111110000000001
130 0.000000 1111110000000010
131 0.000000 1111110000000011
132 0.000000 1111110000000100
133 0.000000 1111110000000101
134 0.000000 1111110000000110
135 0.000000 1111110000000111
136 0.000000 1111110000001000
137 0.000000 1111110000001001
138 0.000000 1111110000001010
139 0.000000 1111110000001011
140 0.000000 1111110000001100
141 0.000000 1111110000001101
142 0.000000 1111110000001110
143 0.000000 1111110000001111
144 0.000000 1111110000010000
145 0.000000 1111110000010001
146 0.000000 1111110000010010
147 0.000000 1111110000010011
148 0.000000 1111110000010100
149 0.000000 1111110000010101
150 0.000000 1111110000010110
151 0.000000 1111110000010111
152 0.000000 1111110000011000
153 0.000000 1111110000011001
154 0.000000 1111110000011010
155 0.000000 1111110000011011
156 0.000000 1111110000011100
157 0.000000 1111110000011101
158 0.000000 1111110000011110
159 0.000000 1111110000011111
160 0.000000 1111110000100000
161 0.000000 1111110000100001
162 0.000000 1111110000100010
163 0.000000 1111110000100011
164 0.000000 1111110000100100
165 0.000000 1111110000100101
166 0.000000 1111110000100110
167 0.000000 1111110000100111
168 0.000000 1111110000101000
169 0.000000 1111110000101001
170 0.000000 1111110000101010
171 0.000000 1111110000101011
172 0.000000 1111110000101100
173 0.000000 1111110000101101
174 0.000000 1111110000101110
175 0.000000 1111110000101111
176 0.000000 1111110000110000
177 0.000000 1111110000110001
178 0.000000 1111110000110010
179 0.000000 1111110000110011
180 0.000000 1111110000110100
181 0.000000 1111110000110101
182 0.000000 1111110000110110
183 0.000000 1111110000110111
184 0.000000 1111110000111000
185 0.000000 1111110000111001
186 0.000000 1111110000111010
187 0.000000 1111110000111011
188 0.000000 1111110000111100
189 0.000000 1111110000111101
190 0.000000 1111110000111110
191 0.000000 1111110000111111
192 0.000000 1111110001000000
193 0.000000 1111110001000001
194 0.000000 1111110001000010
195 0.000000 1111110001000011
196 0.000000 1111110001000100
197 0.000000 1111110001000101
198 0.000000 1111110001000110
199 0.000000 1111110001000111
200 0.000000 1111110001001000
201 0.000000 1111110001001001
202 0.000000 1111110001001010
203 0.000000 1111110001001011
204 0.000000 1111110001001100
205 0.000000 1111110001001101
206 0.000000 1111110001001110
207 0.000000 1111110001001111
208 0.000000 1111110001010000
209 0.000000 1111110001010001
210 0.000000 1111110001010010
211 0.000000 1111110001010011
212 0.000000 1111110001010100
213 0.000000 1111110001010101
214 0.000000 1111110001010110
215 0.000000 1111110001010111
216 0.000000 1111110001011000
217 0.000000 1111110001011001
218 0.000000 1111110001011010
219 0.000000 1111110001011011
220 0.000000 1111110001011100
221 0.000000 1111110001011101
222 0.000000 1111110001011110
223 0.000000 1111110001011111
224 0.000000 1111110001100000
225 0.000000 1111110001100001
226 0.000000 1111110001100010
227 0.000000 1111110001100011
228 0.000000 1111110001100100
229 0.000000 1111110001100101
230 0.000000 1111110001100110
231 0.000000 1111110001100111
232 0.000000 1111110001101000
233 0.000000 1111110001101001
234 0.000000 1111110001101010
235 0.000000 1111110001101011
236 0.000000 1111110001101100
237 0.000000 1111110001101101
238 0.000000 1111110001101110
239 0.000000 1111110001101111
240 0.000000 1111110001110000
241 0.000000 1111110001110001
242 0.000000 1111110001110010
243 0.000000 1111110001110011
244 0.000000 1111110001110100
245 0.000000 1111110001110101
246 0.000000 1111110001110110
247 0.000000 1111110001110111
248 0.000000 1111110001111000
249 0.000000 1111110001111001
250 0.000000 1111110001111010
251 0.000000 1111110001111011
252 0.000000 1111110001111100
253 0.000000 1111110001111101
254 0.000000 1111110001111110
255 0.000000 1111110001111111
