32 6.657997 000
48 5.856090 1101
10 2.899870 11001
53 2.566103 10101
101 2.405722 10010
51 2.089293 01111
50 1.937581 01011
47 1.928912 01001
55 1.889900 01000
54 1.625488 111101
116 1.491114 111010
49 1.456437 111000
110 1.374079 110000
52 1.361075 101111
111 1.322063 101100
56 1.157347 100011
97 1.005635 011010
105 0.962289 010100
109 0.918942 001100
114 0.836584 1111111
100 0.836584 1111110
98 0.827915 1111101
115 0.762896 1111000
106 0.723884 1110010
57 0.663199 1011011
99 0.637191 1010001
70 0.602514 1001101
103 0.598179 1001100
112 0.537495 1000001
60 0.515821 0111001
108 0.507152 0110111
104 0.502818 0110110
82 0.498483 0110010
62 0.498483 0110001
121 0.481144 0101010
13 0.463806 0011101
68 0.455137 0010110
84 0.420459 0010000
117 0.377113 11101110
93 0.377113 11101101
73 0.368444 11100110
67 0.346771 11000101
72 0.338101 10111010
69 0.338101 10111001
66 0.338101 10111000
79 0.329432 10110100
45 0.325098 10100111
83 0.320763 10100001
91 0.320763 10100100
77 0.312094 10100000
87 0.307759 10011111
80 0.303424 10011110
78 0.299090 10011100
102 0.290420 10001011
107 0.286086 10001010
65 0.281751 10000111
76 0.281751 10001000
95 0.281751 10001001
119 0.273082 10000101
29 0.268747 10000100
15 0.268747 10000001
24 0.264413 01110101
59 0.264413 01110110
120 0.264413 10000000
63 0.264413 01110111
86 0.260078 01110001
88 0.260078 01110100
27 0.251409 01110000
20 0.251409 01100111
118 0.247074 01100110
41 0.247074 01100000
44 0.247074 01100001
40 0.247074 01010111
92 0.242739 00111111
96 0.242739 01010110
43 0.238405 00111101
85 0.238405 00111110
75 0.234070 00111001
94 0.234070 00111100
1 0.229736 00101111
35 0.229736 00110101
39 0.229736 00110110
30 0.229736 00110100
90 0.229736 00110111
126 0.229736 00111000
61 0.225401 00101010
64 0.225401 00101011
74 0.225401 00101110
46 0.221066 00101001
25 0.216732 00100110
125 0.216732 00101000
31 0.216732 00100111
3 0.212397 00100011
58 0.212397 00100101
28 0.212397 00100100
122 0.208062 00100010
7 0.208062 111110010
81 0.208062 111110011
42 0.203728 111110001
18 0.203728 111110000
11 0.199393 111100110
17 0.199393 111100111
9 0.195059 111100100
22 0.195059 111100101
23 0.190724 111011110
26 0.190724 111011111
124 0.186389 111011001
38 0.186389 111011000
36 0.186389 111001111
89 0.182055 111001110
37 0.182055 110001111
127 0.177720 110001110
14 0.173385 110001100
0 0.173385 110001001
19 0.173385 110001101
21 0.169051 101110110
5 0.169051 101101011
113 0.169051 110001000
34 0.169051 101110111
123 0.164716 101101010
12 0.160381 101001100
4 0.160381 101001011
2 0.160381 101001010
71 0.160381 101001101
8 0.156047 100111011
6 0.147378 100111010
33 0.138708 100001101
16 0.134374 1000011001
128 0.000000 10000110000000000
129 0.000000 10000110000000001
130 0.000000 10000110000000010
131 0.000000 10000110000000011
132 0.000000 10000110000000100
133 0.000000 10000110000000101
134 0.000000 10000110000000110
135 0.000000 10000110000000111
136 0.000000 10000110000001000
137 0.000000 10000110000001001
138 0.000000 10000110000001010
139 0.000000 10000110000001011
140 0.000000 10000110000001100
141 0.000000 10000110000001101
142 0.000000 10000110000001110
143 0.000000 10000110000001111
144 0.000000 10000110000010000
145 0.000000 10000110000010001
146 0.000000 10000110000010010
147 0.000000 10000110000010011
148 0.000000 10000110000010100
149 0.000000 10000110000010101
150 0.000000 10000110000010110
151 0.000000 10000110000010111
152 0.000000 10000110000011000
153 0.000000 10000110000011001
154 0.000000 10000110000011010
155 0.000000 10000110000011011
156 0.000000 10000110000011100
157 0.000000 10000110000011101
158 0.000000 10000110000011110
159 0.000000 10000110000011111
160 0.000000 10000110000100000
161 0.000000 10000110000100001
162 0.000000 10000110000100010
163 0.000000 10000110000100011
164 0.000000 10000110000100100
165 0.000000 10000110000100101
166 0.000000 10000110000100110
167 0.000000 10000110000100111
168 0.000000 10000110000101000
169 0.000000 10000110000101001
170 0.000000 10000110000101010
171 0.000000 10000110000101011
172 0.000000 10000110000101100
173 0.000000 10000110000101101
174 0.000000 10000110000101110
175 0.000000 10000110000101111
176 0.000000 10000110000110000
177 0.000000 10000110000110001
178 0.000000 10000110000110010
179 0.000000 10000110000110011
180 0.000000 10000110000110100
181 0.000000 10000110000110101
182 0.000000 10000110000110110
183 0.000000 10000110000110111
184 0.000000 10000110000111000
185 0.000000 10000110000111001
186 0.000000 10000110000111010
187 0.000000 10000110000111011
188 0.000000 10000110000111100
189 0.000000 10000110000111101
190 0.000000 10000110000111110
191 0.000000 10000110000111111
192 0.000000 10000110001000000
193 0.000000 10000110001000001
194 0.000000 10000110001000010
195 0.000000 10000110001000011
196 0.000000 10000110001000100
197 0.000000 10000110001000101
198 0.000000 10000110001000110
199 0.000000 10000110001000111
200 0.000000 10000110001001000
201 0.000000 10000110001001001
202 0.000000 10000110001001010
203 0.000000 10000110001001011
204 0.000000 10000110001001100
205 0.000000 10000110001001101
206 0.000000 10000110001001110
207 0.000000 10000110001001111
208 0.000000 10000110001010000
209 0.000000 10000110001010001
210 0.000000 10000110001010010
211 0.000000 10000110001010011
212 0.000000 10000110001010100
213 0.000000 10000110001010101
214 0.000000 10000110001010110
215 0.000000 10000110001010111
216 0.000000 10000110001011000
217 0.000000 10000110001011001
218 0.000000 10000110001011010
219 0.000000 10000110001011011
220 0.000000 10000110001011100
221 0.000000 10000110001011101
222 0.000000 10000110001011110
223 0.000000 10000110001011111
224 0.000000 10000110001100000
225 0.000000 10000110001100001
226 0.000000 10000110001100010
227 0.000000 10000110001100011
228 0.000000 10000110001100100
229 0.000000 10000110001100101
230 0.000000 10000110001100110
231 0.000000 10000110001100111
232 0.000000 10000110001101000
233 0.000000 10000110001101001
234 0.000000 10000110001101010
235 0.000000 10000110001101011
236 0.000000 10000110001101100
237 0.000000 10000110001101101
238 0.000000 10000110001101110
239 0.000000 10000110001101111
240 0.000000 10000110001110000
241 0.000000 10000110001110001
242 0.000000 10000110001110010
243 0.000000 10000110001110011
244 0.000000 10000110001110100
245 0.000000 10000110001110101
246 0.000000 10000110001110110
247 0.000000 10000110001110111
248 0.000000 10000110001111000
249 0.000000 10000110001111001
250 0.000000 10000110001111010
251 0.000000 10000110001111011
252 0.000000 10000110001111100
253 0.000000 10000110001111101
254 0.000000 10000110001111110
255 0.000000 10000110001111111
