0 52.018229 1
1 2.347177 01011
2 1.464844 00000
4 1.283237 011011
32 0.967996 001110
8 0.890899 001010
3 0.890899 001001
15 0.644189 0111000
97 0.616776 0110011
5 0.604783 0110001
111 0.592791 0101011
101 0.548246 0100111
6 0.519120 0100011
105 0.466009 0011010
116 0.464296 0011001
48 0.445450 0010110
72 0.426604 0001111
115 0.406044 0001100
9 0.394052 0001010
16 0.392338 0001000
110 0.385485 0000111
109 0.378632 0000101
24 0.368353 0000100
114 0.358073 01111101
65 0.356360 01111100
46 0.354646 01111011
17 0.352933 01111010
69 0.351220 01111000
10 0.344367 01110110
21 0.335800 01110100
77 0.322094 01101011
12 0.306675 01101000
112 0.303248 01100100
13 0.301535 01100001
68 0.289542 01010100
7 0.289542 01010011
64 0.272410 01001101
100 0.265556 01001010
83 0.263843 01001001
36 0.260417 01001000
96 0.258703 01000100
108 0.258703 01000101
19 0.258703 01000011
52 0.248424 00111110
117 0.248424 00111111
73 0.246711 00111101
14 0.241571 00110111
84 0.241571 00111100
94 0.233004 00110001
22 0.229578 00110000
95 0.219298 00100010
67 0.214158 00100001
11 0.212445 00011101
102 0.212445 00100000
106 0.210732 00011100
92 0.202166 00010111
113 0.202166 00011010
18 0.202166 00010110
80 0.197026 00010011
50 0.188459 00001100
20 0.181606 011111110
26 0.179893 011111100
42 0.174753 011101110
76 0.174753 011101111
53 0.171327 011101011
99 0.167900 011101010
70 0.167900 011100111
49 0.164474 011100110
79 0.161047 011100100
118 0.161047 011100101
27 0.159334 011010100
54 0.159334 011010101
25 0.154194 011001011
98 0.150768 011000001
44 0.147341 010101011
121 0.147341 011000000
103 0.145628 010101010
74 0.143914 010100100
66 0.140488 010100010
78 0.138775 010100001
30 0.135348 010011000
58 0.135348 010011001
120 0.133635 010010111
34 0.128495 010000101
104 0.126782 010000100
55 0.126782 010000011
33 0.125069 010000001
23 0.125069 010000000
107 0.123355 001101101
28 0.116502 001011111
85 0.116502 001101100
61 0.113076 001011100
56 0.113076 001000111
82 0.113076 001011101
86 0.113076 001011110
47 0.104509 000110110
57 0.104509 000110111
31 0.097656 000100100
35 0.097656 000100101
71 0.095943 000011011
87 0.094230 0111111111
88 0.094230 000011010
127 0.092516 0111111110
51 0.090803 0111111011
43 0.089090 0111100111
40 0.089090 0111100110
45 0.089090 0111111010
119 0.087377 0111100100
41 0.078810 0110100111
38 0.078810 0110100110
122 0.077097 0110100100
123 0.077097 0110100101
29 0.077097 0110010101
81 0.073671 0110010100
37 0.073671 0101001011
93 0.071957 0101001010
62 0.071957 0101000111
63 0.070244 0101000110
90 0.068531 0101000000
124 0.068531 0101000001
60 0.068531 0100101101
59 0.065104 0100000101
75 0.065104 0100101100
126 0.059964 0100000100
91 0.058251 0010001101
39 0.053111 0010001100
125 0.049685 01111001011
89 0.037692 011110010101
128 0.000000 0111100101000000000
129 0.000000 0111100101000000001
130 0.000000 0111100101000000010
131 0.000000 0111100101000000011
132 0.000000 0111100101000000100
133 0.000000 0111100101000000101
134 0.000000 0111100101000000110
135 0.000000 0111100101000000111
136 0.000000 0111100101000001000
137 0.000000 0111100101000001001
138 0.000000 0111100101000001010
139 0.000000 0111100101000001011
140 0.000000 0111100101000001100
141 0.000000 0111100101000001101
142 0.000000 0111100101000001110
143 0.000000 0111100101000001111
144 0.000000 0111100101000010000
145 0.000000 0111100101000010001
146 0.000000 0111100101000010010
147 0.000000 0111100101000010011
148 0.000000 0111100101000010100
149 0.000000 0111100101000010101
150 0.000000 0111100101000010110
151 0.000000 0111100101000010111
152 0.000000 0111100101000011000
153 0.000000 0111100101000011001
154 0.000000 0111100101000011010
155 0.000000 0111100101000011011
156 0.000000 0111100101000011100
157 0.000000 0111100101000011101
158 0.000000 0111100101000011110
159 0.000000 0111100101000011111
160 0.000000 0111100101000100000
161 0.000000 0111100101000100001
162 0.000000 0111100101000100010
163 0.000000 0111100101000100011
164 0.000000 0111100101000100100
165 0.000000 0111100101000100101
166 0.000000 0111100101000100110
167 0.000000 0111100101000100111
168 0.000000 0111100101000101000
169 0.000000 0111100101000101001
170 0.000000 0111100101000101010
171 0.000000 0111100101000101011
172 0.000000 0111100101000101100
173 0.000000 0111100101000101101
174 0.000000 0111100101000101110
175 0.000000 0111100101000101111
176 0.000000 0111100101000110000
177 0.000000 0111100101000110001
178 0.000000 0111100101000110010
179 0.000000 0111100101000110011
180 0.000000 0111100101000110100
181 0.000000 0111100101000110101
182 0.000000 0111100101000110110
183 0.000000 0111100101000110111
184 0.000000 0111100101000111000
185 0.000000 0111100101000111001
186 0.000000 0111100101000111010
187 0.000000 0111100101000111011
188 0.000000 0111100101000111100
189 0.000000 0111100101000111101
190 0.000000 0111100101000111110
191 0.000000 0111100101000111111
192 0.000000 0111100101001000000
193 0.000000 0111100101001000001
194 0.000000 0111100101001000010
195 0.000000 0111100101001000011
196 0.000000 0111100101001000100
197 0.000000 0111100101001000101
198 0.000000 0111100101001000110
199 0.000000 0111100101001000111
200 0.000000 0111100101001001000
201 0.000000 0111100101001001001
202 0.000000 0111100101001001010
203 0.000000 0111100101001001011
204 0.000000 0111100101001001100
205 0.000000 0111100101001001101
206 0.000000 0111100101001001110
207 0.000000 0111100101001001111
208 0.000000 0111100101001010000
209 0.000000 0111100101001010001
210 0.000000 0111100101001010010
211 0.000000 0111100101001010011
212 0.000000 0111100101001010100
213 0.000000 0111100101001010101
214 0.000000 0111100101001010110
215 0.000000 0111100101001010111
216 0.000000 0111100101001011000
217 0.000000 0111100101001011001
218 0.000000 0111100101001011010
219 0.000000 0111100101001011011
220 0.000000 0111100101001011100
221 0.000000 0111100101001011101
222 0.000000 0111100101001011110
223 0.000000 0111100101001011111
224 0.000000 0111100101001100000
225 0.000000 0111100101001100001
226 0.000000 0111100101001100010
227 0.000000 0111100101001100011
228 0.000000 0111100101001100100
229 0.000000 0111100101001100101
230 0.000000 0111100101001100110
231 0.000000 0111100101001100111
232 0.000000 0111100101001101000
233 0.000000 0111100101001101001
234 0.000000 0111100101001101010
235 0.000000 0111100101001101011
236 0.000000 0111100101001101100
237 0.000000 0111100101001101101
238 0.000000 0111100101001101110
239 0.000000 0111100101001101111
240 0.000000 0111100101001110000
241 0.000000 0111100101001110001
242 0.000000 0111100101001110010
243 0.000000 0111100101001110011
244 0.000000 0111100101001110100
245 0.000000 0111100101001110101
246 0.000000 0111100101001110110
247 0.000000 0111100101001110111
248 0.000000 0111100101001111000
249 0.000000 0111100101001111001
250 0.000000 0111100101001111010
251 0.000000 0111100101001111011
252 0.000000 0111100101001111100
253 0.000000 0111100101001111101
254 0.000000 0111100101001111110
255 0.000000 0111100101001111111
