103 2.221356 0100
119 2.182385 0011
91 2.143414 0010
93 2.104443 0000
111 2.065472 11111
107 2.065472 11110
99 1.909587 11100
89 1.753702 11001
87 1.753702 11000
95 1.675760 10110
81 1.597818 10101
85 1.441933 10010
76 1.402962 10000
79 1.363991 01111
78 1.286048 01100
72 1.091193 00011
73 1.013250 00010
77 0.974279 111010
83 0.935308 110111
66 0.935308 110110
63 0.935308 110101
62 0.896337 110100
75 0.857366 101110
61 0.779423 101000
0 0.779423 100111
74 0.779423 101001
67 0.701481 100010
68 0.701481 100011
71 0.701481 100110
60 0.662510 011011
70 0.662510 011101
65 0.662510 011100
64 0.623539 010111
69 0.584567 010101
59 0.506625 1110111
54 0.467654 1011111
56 0.311769 0101101
57 0.311769 0110100
55 0.272798 0101001
58 0.272798 0101100
53 0.233827 11101101
51 0.233827 11101100
52 0.194856 10111100
50 0.155885 01010001
1 0.116913 01010000
49 0.077942 1011110111
42 0.038971 0110101011
46 0.038971 0110101100
47 0.038971 0110101101
48 0.038971 0110101110
100 0.038971 0110101111
9 0.038971 10111101101
31 0.038971 0110101000
110 0.038971 1011110100
32 0.038971 0110101001
115 0.038971 1011110101
35 0.038971 0110101010
18 0.000000 1011110110010000001
19 0.000000 1011110110010000010
20 0.000000 1011110110010000011
21 0.000000 1011110110010000100
22 0.000000 1011110110010000101
23 0.000000 1011110110010000110
24 0.000000 1011110110010000111
25 0.000000 1011110110010001000
26 0.000000 1011110110010001001
27 0.000000 1011110110010001010
28 0.000000 1011110110010001011
29 0.000000 1011110110010001100
30 0.000000 1011110110010001101
3 0.000000 1011110110001110011
4 0.000000 1011110110001110100
33 0.000000 1011110110010001110
34 0.000000 1011110110010001111
5 0.000000 1011110110001110101
36 0.000000 1011110110010010000
37 0.000000 1011110110010010001
38 0.000000 1011110110010010010
39 0.000000 1011110110010010011
40 0.000000 1011110110010010100
80 0.000000 1011110110010011001
41 0.000000 1011110110010010101
82 0.000000 1011110110010011010
6 0.000000 1011110110001110110
84 0.000000 1011110110010011011
43 0.000000 1011110110010010110
86 0.000000 1011110110010011100
44 0.000000 1011110110010010111
88 0.000000 1011110110010011101
45 0.000000 1011110110010011000
90 0.000000 1011110110010011110
7 0.000000 1011110110001110111
92 0.000000 1011110110010011111
8 0.000000 1011110110001111000
94 0.000000 1011110110010100000
2 0.000000 1011110110001110010
96 0.000000 1011110110010100001
97 0.000000 1011110110010100010
98 0.000000 1011110110010100011
10 0.000000 1011110110001111001
11 0.000000 1011110110001111010
101 0.000000 1011110110010100100
102 0.000000 1011110110010100101
12 0.000000 1011110110001111011
104 0.000000 1011110110010100110
105 0.000000 1011110110010100111
106 0.000000 1011110110010101000
13 0.000000 1011110110001111100
108 0.000000 1011110110010101001
109 0.000000 1011110110010101010
14 0.000000 1011110110001111101
15 0.000000 1011110110001111110
112 0.000000 1011110110010101011
113 0.000000 1011110110010101100
114 0.000000 1011110110010101101
16 0.000000 1011110110001111111
116 0.000000 1011110110010101110
117 0.000000 1011110110010101111
118 0.000000 1011110110010110000
17 0.000000 1011110110010000000
120 0.000000 1011110110010110001
121 0.000000 1011110110010110010
122 0.000000 1011110110010110011
123 0.000000 1011110110010110100
124 0.000000 1011110110010110101
125 0.000000 1011110110010110110
126 0.000000 1011110110010110111
127 0.000000 1011110110010111000
128 0.000000 1011110110010111001
129 0.000000 1011110110010111010
130 0.000000 1011110110010111011
131 0.000000 1011110110010111100
132 0.000000 1011110110010111101
133 0.000000 1011110110010111110
134 0.000000 1011110110010111111
135 0.000000 1011110110011000000
136 0.000000 1011110110011000001
137 0.000000 1011110110011000010
138 0.000000 1011110110011000011
139 0.000000 1011110110011000100
140 0.000000 1011110110011000101
141 0.000000 1011110110011000110
142 0.000000 1011110110011000111
143 0.000000 1011110110011001000
144 0.000000 1011110110011001001
145 0.000000 1011110110011001010
146 0.000000 1011110110011001011
147 0.000000 1011110110011001100
148 0.000000 1011110110011001101
149 0.000000 1011110110011001110
150 0.000000 1011110110011001111
151 0.000000 1011110110011010000
152 0.000000 1011110110011010001
153 0.000000 1011110110011010010
154 0.000000 1011110110011010011
155 0.000000 1011110110011010100
156 0.000000 1011110110011010101
157 0.000000 1011110110011010110
158 0.000000 1011110110011010111
159 0.000000 1011110110011011000
160 0.000000 1011110110011011001
161 0.000000 1011110110011011010
162 0.000000 1011110110011011011
163 0.000000 1011110110011011100
164 0.000000 1011110110011011101
165 0.000000 1011110110011011110
166 0.000000 1011110110011011111
167 0.000000 1011110110011100000
168 0.000000 1011110110011100001
169 0.000000 1011110110011100010
170 0.000000 1011110110011100011
171 0.000000 1011110110011100100
172 0.000000 1011110110011100101
173 0.000000 1011110110011100110
174 0.000000 1011110110011100111
175 0.000000 1011110110011101000
176 0.000000 1011110110011101001
177 0.000000 1011110110011101010
178 0.000000 1011110110011101011
179 0.000000 1011110110011101100
180 0.000000 1011110110011101101
181 0.000000 1011110110011101110
182 0.000000 1011110110011101111
183 0.000000 1011110110011110000
184 0.000000 1011110110011110001
185 0.000000 1011110110011110010
186 0.000000 1011110110011110011
187 0.000000 1011110110011110100
188 0.000000 1011110110011110101
189 0.000000 1011110110011110110
190 0.000000 1011110110011110111
191 0.000000 1011110110011111000
192 0.000000 1011110110011111001
193 0.000000 1011110110011111010
194 0.000000 1011110110011111011
195 0.000000 1011110110011111100
196 0.000000 1011110110011111101
197 0.000000 1011110110011111110
198 0.000000 1011110110011111111
199 0.000000 101111011000000000
200 0.000000 101111011000000001
201 0.000000 101111011000000010
202 0.000000 101111011000000011
203 0.000000 101111011000000100
204 0.000000 101111011000000101
205 0.000000 101111011000000110
206 0.000000 101111011000000111
207 0.000000 101111011000001000
208 0.000000 101111011000001001
209 0.000000 101111011000001010
210 0.000000 101111011000001011
211 0.000000 101111011000001100
212 0.000000 101111011000001101
213 0.000000 101111011000001110
214 0.000000 101111011000001111
215 0.000000 101111011000010000
216 0.000000 101111011000010001
217 0.000000 101111011000010010
218 0.000000 101111011000010011
219 0.000000 101111011000010100
220 0.000000 101111011000010101
221 0.000000 101111011000010110
222 0.000000 101111011000010111
223 0.000000 101111011000011000
224 0.000000 101111011000011001
225 0.000000 101111011000011010
226 0.000000 101111011000011011
227 0.000000 101111011000011100
228 0.000000 101111011000011101
229 0.000000 101111011000011110
230 0.000000 101111011000011111
231 0.000000 101111011000100000
232 0.000000 101111011000100001
233 0.000000 101111011000100010
234 0.000000 101111011000100011
235 0.000000 101111011000100100
236 0.000000 101111011000100101
237 0.000000 101111011000100110
238 0.000000 101111011000100111
239 0.000000 101111011000101000
240 0.000000 101111011000101001
241 0.000000 101111011000101010
242 0.000000 101111011000101011
243 0.000000 101111011000101100
244 0.000000 101111011000101101
245 0.000000 101111011000101110
246 0.000000 101111011000101111
247 0.000000 101111011000110000
248 0.000000 101111011000110001
249 0.000000 101111011000110010
250 0.000000 101111011000110011
251 0.000000 101111011000110100
252 0.000000 101111011000110101
253 0.000000 101111011000110110
254 0.000000 101111011000110111
255 0.000000 101111011000111000
