0 31.871911 0
1 7.135182 1111
16 6.382979 1110
15 5.748979 1100
17 1.901999 10001
32 1.364711 101111
2 1.246508 101100
18 1.214270 101011
14 1.182033 101001
33 1.096067 101000
34 1.010101 100110
35 0.956372 100001
51 0.956372 100100
50 0.913389 1101111
67 0.816677 1101101
52 0.805932 1101100
36 0.719966 1101001
66 0.666237 1011100
19 0.623254 1011010
49 0.601762 1010101
53 0.494305 1001110
82 0.483559 1001011
68 0.462067 1000001
3 0.462067 1000000
13 0.419084 11011100
83 0.397593 11010110
65 0.365356 11010101
5 0.354610 11010100
48 0.343864 10111011
31 0.333118 10111010
20 0.322373 10110110
37 0.290135 10101000
4 0.247152 10010101
12 0.225661 110111011
81 0.225661 10010100
98 0.214915 110101111
54 0.171932 110100000
69 0.161186 101101110
11 0.150441 101010010
21 0.128949 100111101
99 0.128949 100111110
84 0.107458 1101110100
64 0.096712 1101011101
38 0.085966 1011011111
47 0.075220 1010100110
10 0.075220 1001111111
114 0.075220 1010100111
30 0.064475 1001111001
97 0.053729 11011101010
29 0.053729 11010111001
116 0.053729 11011101011
39 0.042983 10110111101
102 0.042983 11010000110
55 0.042983 11010000100
70 0.042983 11010000101
62 0.032237 10011111100
108 0.032237 10110111100
6 0.032237 10011110001
86 0.032237 10011111101
95 0.021492 110100010101
96 0.021492 110100010110
73 0.021492 110100010011
23 0.021492 110100010001
8 0.021492 110100001110
63 0.021492 110100010010
104 0.021492 110100010111
9 0.021492 110100001111
22 0.021492 110100010000
115 0.021492 110100011000
91 0.021492 110100010100
7 0.010746 1001111000011
75 0.010746 1101000111000
78 0.010746 1101000111001
43 0.010746 1101000110011
45 0.010746 1101000110100
100 0.010746 1101000111100
58 0.010746 1101000110110
60 0.010746 1101000110111
105 0.010746 1101000111101
46 0.010746 1101000110101
109 0.010746 1101000111110
111 0.010746 1101000111111
112 0.010746 1101011100000
113 0.010746 1101011100001
87 0.010746 1101000111010
88 0.010746 1101000111011
24 0.010746 1101000110010
117 0.010746 1101011100010
118 0.010746 1101011100011
120 0.010746 100111100000
90 0.000000 100111100001011001001
57 0.000000 100111100001010111101
92 0.000000 100111100001011001010
93 0.000000 100111100001011001011
94 0.000000 100111100001011001100
40 0.000000 100111100001010111000
71 0.000000 100111100001011000000
72 0.000000 100111100001011000001
59 0.000000 100111100001010111110
74 0.000000 100111100001011000010
41 0.000000 100111100001010111001
101 0.000000 100111100001011001101
76 0.000000 100111100001011000011
103 0.000000 100111100001011001110
77 0.000000 100111100001011000100
61 0.000000 100111100001010111111
106 0.000000 100111100001011001111
107 0.000000 100111100001011010000
79 0.000000 100111100001011000101
80 0.000000 100111100001011000110
110 0.000000 100111100001011010001
42 0.000000 100111100001010111010
28 0.000000 100111100001010110111
44 0.000000 100111100001010111011
25 0.000000 100111100001010110100
85 0.000000 100111100001011000111
26 0.000000 100111100001010110101
27 0.000000 100111100001010110110
56 0.000000 100111100001010111100
119 0.000000 100111100001011010010
89 0.000000 100111100001011001000
121 0.000000 100111100001011010011
122 0.000000 100111100001011010100
123 0.000000 100111100001011010101
124 0.000000 100111100001011010110
125 0.000000 100111100001011010111
126 0.000000 100111100001011011000
127 0.000000 100111100001011011001
128 0.000000 100111100001011011010
129 0.000000 100111100001011011011
130 0.000000 100111100001011011100
131 0.000000 100111100001011011101
132 0.000000 100111100001011011110
133 0.000000 100111100001011011111
134 0.000000 100111100001011100000
135 0.000000 100111100001011100001
136 0.000000 100111100001011100010
137 0.000000 100111100001011100011
138 0.000000 100111100001011100100
139 0.000000 100111100001011100101
140 0.000000 100111100001011100110
141 0.000000 100111100001011100111
142 0.000000 100111100001011101000
143 0.000000 100111100001011101001
144 0.000000 100111100001011101010
145 0.000000 100111100001011101011
146 0.000000 100111100001011101100
147 0.000000 100111100001011101101
148 0.000000 100111100001011101110
149 0.000000 100111100001011101111
150 0.000000 100111100001011110000
151 0.000000 100111100001011110001
152 0.000000 100111100001011110010
153 0.000000 100111100001011110011
154 0.000000 100111100001011110100
155 0.000000 100111100001011110101
156 0.000000 100111100001011110110
157 0.000000 100111100001011110111
158 0.000000 100111100001011111000
159 0.000000 100111100001011111001
160 0.000000 100111100001011111010
161 0.000000 100111100001011111011
162 0.000000 100111100001011111100
163 0.000000 100111100001011111101
164 0.000000 100111100001011111110
165 0.000000 100111100001011111111
166 0.000000 10011110000100000000
167 0.000000 10011110000100000001
168 0.000000 10011110000100000010
169 0.000000 10011110000100000011
170 0.000000 10011110000100000100
171 0.000000 10011110000100000101
172 0.000000 10011110000100000110
173 0.000000 10011110000100000111
174 0.000000 10011110000100001000
175 0.000000 10011110000100001001
176 0.000000 10011110000100001010
177 0.000000 10011110000100001011
178 0.000000 10011110000100001100
179 0.000000 10011110000100001101
180 0.000000 10011110000100001110
181 0.000000 10011110000100001111
182 0.000000 10011110000100010000
183 0.000000 10011110000100010001
184 0.000000 10011110000100010010
185 0.000000 10011110000100010011
186 0.000000 10011110000100010100
187 0.000000 10011110000100010101
188 0.000000 10011110000100010110
189 0.000000 10011110000100010111
190 0.000000 10011110000100011000
191 0.000000 10011110000100011001
192 0.000000 10011110000100011010
193 0.000000 10011110000100011011
194 0.000000 10011110000100011100
195 0.000000 10011110000100011101
196 0.000000 10011110000100011110
197 0.000000 10011110000100011111
198 0.000000 10011110000100100000
199 0.000000 10011110000100100001
200 0.000000 10011110000100100010
201 0.000000 10011110000100100011
202 0.000000 10011110000100100100
203 0.000000 10011110000100100101
204 0.000000 10011110000100100110
205 0.000000 10011110000100100111
206 0.000000 10011110000100101000
207 0.000000 10011110000100101001
208 0.000000 10011110000100101010
209 0.000000 10011110000100101011
210 0.000000 10011110000100101100
211 0.000000 10011110000100101101
212 0.000000 10011110000100101110
213 0.000000 10011110000100101111
214 0.000000 10011110000100110000
215 0.000000 10011110000100110001
216 0.000000 10011110000100110010
217 0.000000 10011110000100110011
218 0.000000 10011110000100110100
219 0.000000 10011110000100110101
220 0.000000 10011110000100110110
221 0.000000 10011110000100110111
222 0.000000 10011110000100111000
223 0.000000 10011110000100111001
224 0.000000 10011110000100111010
225 0.000000 10011110000100111011
226 0.000000 10011110000100111100
227 0.000000 10011110000100111101
228 0.000000 10011110000100111110
229 0.000000 10011110000100111111
230 0.000000 10011110000101000000
231 0.000000 10011110000101000001
232 0.000000 10011110000101000010
233 0.000000 10011110000101000011
234 0.000000 10011110000101000100
235 0.000000 10011110000101000101
236 0.000000 10011110000101000110
237 0.000000 10011110000101000111
238 0.000000 10011110000101001000
239 0.000000 10011110000101001001
240 0.000000 10011110000101001010
241 0.000000 10011110000101001011
242 0.000000 10011110000101001100
243 0.000000 10011110000101001101
244 0.000000 10011110000101001110
245 0.000000 10011110000101001111
246 0.000000 10011110000101010000
247 0.000000 10011110000101010001
248 0.000000 10011110000101010010
249 0.000000 10011110000101010011
250 0.000000 10011110000101010100
251 0.000000 10011110000101010101
252 0.000000 10011110000101010110
253 0.000000 10011110000101010111
254 0.000000 10011110000101011000
255 0.000000 10011110000101011001
