0 1.215286 00100
63 0.645867 001111
31 0.591851 000100
127 0.577541 000011
62 0.568259 000001
79 0.541574 1111110
60 0.534484 1111100
32 0.531647 1111010
15 0.522366 1111000
7 0.506509 1110111
30 0.501997 1110110
1 0.499548 1110101
80 0.498516 1110100
105 0.496454 1110011
3 0.496454 1110010
125 0.492844 1110001
56 0.484207 1101111
42 0.483949 1101110
36 0.478921 1101101
53 0.476085 1101100
26 0.474925 1101011
83 0.473635 1101010
58 0.473120 1101001
28 0.470284 1101000
126 0.469123 1100111
107 0.467705 1100110
64 0.466029 1100101
21 0.465127 1100100
113 0.463580 1100011
84 0.461904 1100010
72 0.459970 1100001
95 0.456232 1100000
117 0.455201 1011111
120 0.454298 1011110
10 0.453783 1011101
73 0.447852 1011011
65 0.447208 1011010
35 0.447079 1011001
52 0.441664 1011000
87 0.440375 1010111
88 0.439344 1010110
82 0.439086 1010101
20 0.434703 1010100
74 0.434445 1010011
2 0.432254 1010010
90 0.431867 1010001
92 0.431093 1010000
112 0.427226 1001111
106 0.426839 1001110
43 0.424390 1001101
122 0.424132 1001100
85 0.423230 1001011
5 0.417557 1001010
71 0.414592 1001001
77 0.409693 1001000
69 0.406599 1000111
4 0.405181 1000110
99 0.402732 1000101
61 0.402474 1000100
41 0.401701 1000011
81 0.391130 1000010
44 0.385586 1000001
121 0.383524 1000000
86 0.382234 0111111
13 0.376175 0111110
49 0.373597 0111101
96 0.372179 0111100
6 0.371792 0111011
70 0.368183 0111010
124 0.367796 0111001
67 0.361866 0111000
78 0.360834 0110111
111 0.360448 0110110
24 0.360319 0110101
94 0.357483 0110100
109 0.355678 0110011
22 0.349490 0110010
14 0.349103 0110001
40 0.347427 0110000
98 0.347169 0101111
66 0.340466 0101110
104 0.339434 0101101
91 0.338790 0101100
114 0.335309 0101011
110 0.335051 0101010
8 0.334020 0101000
116 0.333247 0100111
12 0.332602 0100110
18 0.332086 0100101
34 0.330024 0100100
93 0.328863 0100011
115 0.326672 0100010
25 0.325641 0100001
17 0.321773 0100000
39 0.318808 0011101
57 0.316230 0011100
46 0.314683 0011011
89 0.313136 0011010
100 0.310171 0011001
123 0.310042 0011000
45 0.308882 0010111
9 0.306690 0010110
11 0.306174 0010101
29 0.303725 0010100
103 0.303080 0001111
75 0.302694 0001110
50 0.300115 0001101
51 0.299342 0001100
16 0.296635 0001011
101 0.296506 0001010
102 0.291736 0000101
33 0.285032 0000100
55 0.278200 0000001
54 0.277684 0000000
47 0.275106 11111111
38 0.271625 11111110
23 0.270207 11111011
48 0.266468 11111010
27 0.266082 11110111
108 0.265824 11110110
37 0.264792 11110011
19 0.262085 11110010
97 0.253835 11100001
76 0.238880 11100000
118 0.230372 10111001
68 0.217867 10111000
119 0.172231 01010011
59 0.162691 010100101
128 0.000000 0101001000000000
129 0.000000 0101001000000001
130 0.000000 0101001000000010
131 0.000000 0101001000000011
132 0.000000 0101001000000100
133 0.000000 0101001000000101
134 0.000000 0101001000000110
135 0.000000 0101001000000111
136 0.000000 0101001000001000
137 0.000000 0101001000001001
138 0.000000 0101001000001010
139 0.000000 0101001000001011
140 0.000000 0101001000001100
141 0.000000 0101001000001101
142 0.000000 0101001000001110
143 0.000000 0101001000001111
144 0.000000 0101001000010000
145 0.000000 0101001000010001
146 0.000000 0101001000010010
147 0.000000 0101001000010011
148 0.000000 0101001000010100
149 0.000000 0101001000010101
150 0.000000 0101001000010110
151 0.000000 0101001000010111
152 0.000000 0101001000011000
153 0.000000 0101001000011001
154 0.000000 0101001000011010
155 0.000000 0101001000011011
156 0.000000 0101001000011100
157 0.000000 0101001000011101
158 0.000000 0101001000011110
159 0.000000 0101001000011111
160 0.000000 0101001000100000
161 0.000000 0101001000100001
162 0.000000 0101001000100010
163 0.000000 0101001000100011
164 0.000000 0101001000100100
165 0.000000 0101001000100101
166 0.000000 0101001000100110
167 0.000000 0101001000100111
168 0.000000 0101001000101000
169 0.000000 0101001000101001
170 0.000000 0101001000101010
171 0.000000 0101001000101011
172 0.000000 0101001000101100
173 0.000000 0101001000101101
174 0.000000 0101001000101110
175 0.000000 0101001000101111
176 0.000000 0101001000110000
177 0.000000 0101001000110001
178 0.000000 0101001000110010
179 0.000000 0101001000110011
180 0.000000 0101001000110100
181 0.000000 0101001000110101
182 0.000000 0101001000110110
183 0.000000 0101001000110111
184 0.000000 0101001000111000
185 0.000000 0101001000111001
186 0.000000 0101001000111010
187 0.000000 0101001000111011
188 0.000000 0101001000111100
189 0.000000 0101001000111101
190 0.000000 0101001000111110
191 0.000000 0101001000111111
192 0.000000 0101001001000000
193 0.000000 0101001001000001
194 0.000000 0101001001000010
195 0.000000 0101001001000011
196 0.000000 0101001001000100
197 0.000000 0101001001000101
198 0.000000 0101001001000110
199 0.000000 0101001001000111
200 0.000000 0101001001001000
201 0.000000 0101001001001001
202 0.000000 0101001001001010
203 0.000000 0101001001001011
204 0.000000 0101001001001100
205 0.000000 0101001001001101
206 0.000000 0101001001001110
207 0.000000 0101001001001111
208 0.000000 0101001001010000
209 0.000000 0101001001010001
210 0.000000 0101001001010010
211 0.000000 0101001001010011
212 0.000000 0101001001010100
213 0.000000 0101001001010101
214 0.000000 0101001001010110
215 0.000000 0101001001010111
216 0.000000 0101001001011000
217 0.000000 0101001001011001
218 0.000000 0101001001011010
219 0.000000 0101001001011011
220 0.000000 0101001001011100
221 0.000000 0101001001011101
222 0.000000 0101001001011110
223 0.000000 0101001001011111
224 0.000000 0101001001100000
225 0.000000 0101001001100001
226 0.000000 0101001001100010
227 0.000000 0101001001100011
228 0.000000 0101001001100100
229 0.000000 0101001001100101
230 0.000000 0101001001100110
231 0.000000 0101001001100111
232 0.000000 0101001001101000
233 0.000000 0101001001101001
234 0.000000 0101001001101010
235 0.000000 0101001001101011
236 0.000000 0101001001101100
237 0.000000 0101001001101101
238 0.000000 0101001001101110
239 0.000000 0101001001101111
240 0.000000 0101001001110000
241 0.000000 0101001001110001
242 0.000000 0101001001110010
243 0.000000 0101001001110011
244 0.000000 0101001001110100
245 0.000000 0101001001110101
246 0.000000 0101001001110110
247 0.000000 0101001001110111
248 0.000000 0101001001111000
249 0.000000 0101001001111001
250 0.000000 0101001001111010
251 0.000000 0101001001111011
252 0.000000 0101001001111100
253 0.000000 0101001001111101
254 0.000000 0101001001111110
255 0.000000 0101001001111111
