9 8.872738 1111
32 7.593308 1101
13 5.609811 0110
10 5.609811 0101
105 5.170717 0011
97 3.861004 11001
116 3.702021 11000
41 3.490045 10110
40 3.452192 10100
110 3.308350 10011
114 3.066091 10001
101 3.066091 10000
59 2.997956 01110
115 2.240896 00010
102 2.225755 00000
109 1.991067 111010
111 1.960784 111001
61 1.915361 111000
44 1.832084 101111
99 1.771519 101011
42 1.650390 100101
108 1.506549 011110
106 1.173442 001011
34 1.165872 001010
112 1.158301 001000
91 1.120448 000011
93 1.120448 000110
103 1.105307 000010
49 1.044742 1110111
100 0.878189 1011100
48 0.802483 1001001
122 0.794913 1001000
43 0.779771 0111111
117 0.772201 0111110
50 0.734348 0100110
69 0.719207 0100101
120 0.605648 0100010
83 0.605648 0100001
123 0.582936 0010011
125 0.582936 0100000
104 0.567795 0001111
38 0.529942 11101101
78 0.454236 10111011
76 0.454236 10111010
107 0.423953 10101010
33 0.423953 10101001
60 0.408812 01001111
98 0.325536 01001000
77 0.317965 01000111
65 0.287683 00100101
62 0.287683 00100100
92 0.280112 00011101
118 0.272541 00011100
85 0.249830 111011001
45 0.219547 101010001
47 0.219547 101010110
70 0.189265 010011101
37 0.166553 010010010
39 0.166553 010010011
82 0.166553 010011100
46 0.128700 1110110001
80 0.113559 1110110000
88 0.105988 1010101110
73 0.098418 1010100000
121 0.075706 0100011010
68 0.075706 0100011001
124 0.060565 10101011111
71 0.052994 10101000011
35 0.045424 01000110111
84 0.045424 10101000010
79 0.030282 101010111101
119 0.030282 01000110000
89 0.022712 101010111100
58 0.015141 010001100010
86 0.007571 0100011011001
95 0.007571 0100011011010
51 0.007571 01000110110111
53 0.007571 0100011000110
74 0.007571 0100011011000
67 0.007571 0100011000111
1 0.000000 0100011011011010100001
81 0.000000 0100011011011011001000
11 0.000000 0100011011011010101001
12 0.000000 0100011011011010101010
2 0.000000 0100011011011010100010
14 0.000000 0100011011011010101011
15 0.000000 0100011011011010101100
87 0.000000 0100011011011011001001
16 0.000000 0100011011011010101101
17 0.000000 0100011011011010101110
90 0.000000 0100011011011011001010
18 0.000000 0100011011011010101111
19 0.000000 0100011011011010110000
20 0.000000 0100011011011010110001
94 0.000000 0100011011011011001011
21 0.000000 0100011011011010110010
96 0.000000 0100011011011011001100
52 0.000000 0100011011011010111110
22 0.000000 0100011011011010110011
54 0.000000 0100011011011010111111
55 0.000000 0100011011011011000000
56 0.000000 0100011011011011000001
57 0.000000 0100011011011011000010
23 0.000000 0100011011011010110100
24 0.000000 0100011011011010110101
25 0.000000 0100011011011010110110
26 0.000000 0100011011011010110111
27 0.000000 0100011011011010111000
63 0.000000 0100011011011011000011
64 0.000000 0100011011011011000100
28 0.000000 0100011011011010111001
66 0.000000 0100011011011011000101
29 0.000000 0100011011011010111010
113 0.000000 0100011011011011001101
30 0.000000 0100011011011010111011
31 0.000000 0100011011011010111100
3 0.000000 0100011011011010100011
4 0.000000 0100011011011010100100
72 0.000000 0100011011011011000110
5 0.000000 0100011011011010100101
6 0.000000 0100011011011010100110
75 0.000000 0100011011011011000111
36 0.000000 0100011011011010111101
7 0.000000 0100011011011010100111
8 0.000000 0100011011011010101000
0 0.000000 0100011011011010100000
126 0.000000 0100011011011011001110
127 0.000000 0100011011011011001111
128 0.000000 0100011011011011010000
129 0.000000 0100011011011011010001
130 0.000000 0100011011011011010010
131 0.000000 0100011011011011010011
132 0.000000 0100011011011011010100
133 0.000000 0100011011011011010101
134 0.000000 0100011011011011010110
135 0.000000 0100011011011011010111
136 0.000000 0100011011011011011000
137 0.000000 0100011011011011011001
138 0.000000 0100011011011011011010
139 0.000000 0100011011011011011011
140 0.000000 0100011011011011011100
141 0.000000 0100011011011011011101
142 0.000000 0100011011011011011110
143 0.000000 0100011011011011011111
144 0.000000 0100011011011011100000
145 0.000000 0100011011011011100001
146 0.000000 0100011011011011100010
147 0.000000 0100011011011011100011
148 0.000000 0100011011011011100100
149 0.000000 0100011011011011100101
150 0.000000 0100011011011011100110
151 0.000000 0100011011011011100111
152 0.000000 0100011011011011101000
153 0.000000 0100011011011011101001
154 0.000000 0100011011011011101010
155 0.000000 0100011011011011101011
156 0.000000 0100011011011011101100
157 0.000000 0100011011011011101101
158 0.000000 0100011011011011101110
159 0.000000 0100011011011011101111
160 0.000000 0100011011011011110000
161 0.000000 0100011011011011110001
162 0.000000 0100011011011011110010
163 0.000000 0100011011011011110011
164 0.000000 0100011011011011110100
165 0.000000 0100011011011011110101
166 0.000000 0100011011011011110110
167 0.000000 0100011011011011110111
168 0.000000 0100011011011011111000
169 0.000000 0100011011011011111001
170 0.000000 0100011011011011111010
171 0.000000 0100011011011011111011
172 0.000000 0100011011011011111100
173 0.000000 0100011011011011111101
174 0.000000 0100011011011011111110
175 0.000000 0100011011011011111111
176 0.000000 010001101101100000000
177 0.000000 010001101101100000001
178 0.000000 010001101101100000010
179 0.000000 010001101101100000011
180 0.000000 010001101101100000100
181 0.000000 010001101101100000101
182 0.000000 010001101101100000110
183 0.000000 010001101101100000111
184 0.000000 010001101101100001000
185 0.000000 010001101101100001001
186 0.000000 010001101101100001010
187 0.000000 010001101101100001011
188 0.000000 010001101101100001100
189 0.000000 010001101101100001101
190 0.000000 010001101101100001110
191 0.000000 010001101101100001111
192 0.000000 010001101101100010000
193 0.000000 010001101101100010001
194 0.000000 010001101101100010010
195 0.000000 010001101101100010011
196 0.000000 010001101101100010100
197 0.000000 010001101101100010101
198 0.000000 010001101101100010110
199 0.000000 010001101101100010111
200 0.000000 010001101101100011000
201 0.000000 010001101101100011001
202 0.000000 010001101101100011010
203 0.000000 010001101101100011011
204 0.000000 010001101101100011100
205 0.000000 010001101101100011101
206 0.000000 010001101101100011110
207 0.000000 010001101101100011111
208 0.000000 010001101101100100000
209 0.000000 010001101101100100001
210 0.000000 010001101101100100010
211 0.000000 010001101101100100011
212 0.000000 010001101101100100100
213 0.000000 010001101101100100101
214 0.000000 010001101101100100110
215 0.000000 010001101101100100111
216 0.000000 010001101101100101000
217 0.000000 010001101101100101001
218 0.000000 010001101101100101010
219 0.000000 010001101101100101011
220 0.000000 010001101101100101100
221 0.000000 010001101101100101101
222 0.000000 010001101101100101110
223 0.000000 010001101101100101111
224 0.000000 010001101101100110000
225 0.000000 010001101101100110001
226 0.000000 010001101101100110010
227 0.000000 010001101101100110011
228 0.000000 010001101101100110100
229 0.000000 010001101101100110101
230 0.000000 010001101101100110110
231 0.000000 010001101101100110111
232 0.000000 010001101101100111000
233 0.000000 010001101101100111001
234 0.000000 010001101101100111010
235 0.000000 010001101101100111011
236 0.000000 010001101101100111100
237 0.000000 010001101101100111101
238 0.000000 010001101101100111110
239 0.000000 010001101101100111111
240 0.000000 010001101101101000000
241 0.000000 010001101101101000001
242 0.000000 010001101101101000010
243 0.000000 010001101101101000011
244 0.000000 010001101101101000100
245 0.000000 010001101101101000101
246 0.000000 010001101101101000110
247 0.000000 010001101101101000111
248 0.000000 010001101101101001000
249 0.000000 010001101101101001001
250 0.000000 010001101101101001010
251 0.000000 010001101101101001011
252 0.000000 010001101101101001100
253 0.000000 010001101101101001101
254 0.000000 010001101101101001110
255 0.000000 010001101101101001111
